STATES 43
0 0
1 0
2 1
3 0
4 1
5 0
6 1
7 0
8 1
9 0
10 0
11 0
12 1
13 0
14 1
15 1
16 1
17 1
18 1
19 1
20 1
21 1
22 1
23 0
24 1
25 0
26 1
27 1
28 0
29 1
30 0
31 1
32 1
33 0
34 1
35 1
36 1
37 1
38 0
39 1
40 0
41 0
42 1

TRANSITIONS

0 1 A|Za|z
1 1 A|Za|z_0|9
1 2 other
0 3 0|9
3 3 0|9
3 5 .
3 4 other
5 6 .
5 7 0|9
7 7 0|9
7 9 Ee
7 8 other
9 11 +-
9 10 0|9
11 10 0|9
10 10 0|9
10 8 other
0 12 ;
0 13 <
13 15 =
13 16 <
13 14 other
0 17 -
0 18 [
0 19 ]
0 20 (
0 21 )
0 22 +
0 23 .
23 24 .
0 25 :
25 26 =
25 27 other
0 28 =
28 29 =
0 30 !
30 31 =
0 32 /
0 33 >
33 34 =
33 35 >
33 36 other
0 37 ,
0 38 *
38 40 *
38 39 other
40 41 *
40 40 other
41 42 *
41 40 other